[me1.jpg]
filters=autolight=1;Holga=1,70.000000,30.000000,0.000000;
moddate=74c505a41ee3d901
width=1196
height=1600
textactive=0
